{"autoClear":true,"clearColor":[0,0,0],"ambientColor":[0,0,0],"gravity":[0,-9.81,0],
"materials":[{"name":"Felyne_completed.Material","id":"Felyne_completed.Material","ambient":[0.1574,0.095,0.0069],"diffuse":[0.1574,0.095,0.0069],"specular":[0.1101,0.0455,0.0116],"emissive":[0,0,0],"specularPower":50,"alpha":1,"backFaceCulling":true},{"name":"Felyne_completed.Material.001","id":"Felyne_completed.Material.001","ambient":[0.5705,0.2552,0.1636],"diffuse":[0.4564,0.2041,0.1309],"specular":[0.201,0.0982,0.0643],"emissive":[0,0,0],"specularPower":50,"alpha":1,"backFaceCulling":true}],
"multiMaterials":[{"name":"Felyne_completed.Multimaterial#0","id":"Felyne_completed.Multimaterial#0","materials":["Felyne_completed.Material","Felyne_completed.Material.001"]}],
"skeletons":[{"name":"Armature","id":0,"bones":[
{"name":"Bone","index":0,"matrix":[1,0,0,0,0,1,0,0,0,0,-1,0,0,-1.1181,0,1],"parentBoneIndex":-1,"animation":{"dataType":3,"framePerSecond":24,"keys":[{"frame":0,"values":[1,0,0,0,0,1,0,0,0,0,-1,0,0,-1.1181,0,1]},{"frame":39,"values":[1,0,0,0,0,1,0,0,0,0,-1,0,0,-1.1181,0,1]}],"loopBehavior":1,"name":"anim","property":"_matrix"}},
{"name":"Bone.001","index":1,"matrix":[1,0,0,0,0,1,0,0,0,0,1,0,0,1,0,1],"parentBoneIndex":0,"animation":{"dataType":3,"framePerSecond":24,"keys":[{"frame":0,"values":[1,0,0,0,0,1,0,0,0,0,1,0,0,1,0,1]},{"frame":39,"values":[1,0,0,0,0,1,0,0,0,0,1,0,0,1,0,1]}],"loopBehavior":1,"name":"anim","property":"_matrix"}},
{"name":"Bone.002","index":2,"matrix":[1,0,0,0,0,1,0,0,0,0,1,0,0,0.6595,0,1],"parentBoneIndex":1,"animation":{"dataType":3,"framePerSecond":24,"keys":[{"frame":0,"values":[1,0,0,0,0,1,0,0,0,0,1,0,0,0.6595,0,1]},{"frame":39,"values":[1,0,0,0,0,1,0,0,0,0,1,0,0,0.6595,0,1]}],"loopBehavior":1,"name":"anim","property":"_matrix"}},
{"name":"Bone.003","index":3,"matrix":[1,0,0,0,0,1,0,0,0,0,1,0,0,0.6097,0,1],"parentBoneIndex":2,"animation":{"dataType":3,"framePerSecond":24,"keys":[{"frame":0,"values":[1,0,0,0,0,1,0,0,0,0,1,0,0,0.6097,0,1]},{"frame":39,"values":[1,0,0,0,0,1,0,0,0,0,1,0,0,0.6097,0,1]}],"loopBehavior":1,"name":"anim","property":"_matrix"}},
{"name":"Bone.004","index":4,"matrix":[1,0,0,0,0,1,0,0,0,0,1,0,0,0.2489,0,1],"parentBoneIndex":3,"animation":{"dataType":3,"framePerSecond":24,"keys":[{"frame":0,"values":[1,0,0,0,0,1,0,0,0,0,1,0,0,0.2489,0,1]},{"frame":39,"values":[1,0,0,0,0,1,0,0,0,0,1,0,0,0.2489,0,1]}],"loopBehavior":1,"name":"anim","property":"_matrix"}},
{"name":"Bone.013","index":5,"matrix":[0,0,-1,0,-0.6883,0.7255,0,0,0.7255,0.6883,0,0,-0.7839,1.1821,0.2862,1],"parentBoneIndex":4,"animation":{"dataType":3,"framePerSecond":24,"keys":[{"frame":0,"values":[0,0,-1,0,-0.6883,0.7255,0,0,0.7255,0.6883,0,0,-0.7839,1.1821,0.2862,1]},{"frame":39,"values":[0,0,-1,0,-0.6883,0.7255,0,0,0.7255,0.6883,0,0,-0.7839,1.1821,0.2862,1]}],"loopBehavior":1,"name":"anim","property":"_matrix"}},
{"name":"Bone.021","index":6,"matrix":[0,0,-1,0,0.6883,0.7255,0,0,0.7255,-0.6883,0,0,0.7984,1.1821,0.2862,1],"parentBoneIndex":4,"animation":{"dataType":3,"framePerSecond":24,"keys":[{"frame":0,"values":[0,0,-1,0,0.6883,0.7255,0,0,0.7255,-0.6883,0,0,0.7984,1.1821,0.2862,1]},{"frame":39,"values":[0,0,-1,0,0.6883,0.7255,0,0,0.7255,-0.6883,0,0,0.7984,1.1821,0.2862,1]}],"loopBehavior":1,"name":"anim","property":"_matrix"}},
{"name":"Bone.014","index":7,"matrix":[-0.0626,0.6761,-0.7341,0,-0.9859,-0.1562,-0.0598,0,-0.1551,0.72,0.6764,0,-0.336,0.5226,0.1248,1],"parentBoneIndex":2,"animation":{"dataType":3,"framePerSecond":24,"keys":[{"frame":0,"values":[-0.0626,0.6761,-0.7341,0,-0.9859,-0.1562,-0.0598,0,-0.1551,0.72,0.6764,0,-0.336,0.5226,0.1248,1]},{"frame":1,"values":[-0.0626,0.6695,-0.7402,0,-0.9859,-0.1568,-0.0584,0,-0.1551,0.7261,0.6698,0,-0.336,0.5226,0.1248,1]},{"frame":2,"values":[-0.0626,0.6488,-0.7584,0,-0.9859,-0.1583,-0.054,0,-0.1551,0.7443,0.6495,0,-0.336,0.5226,0.1248,1]},{"frame":3,"values":[-0.0626,0.6124,-0.7881,0,-0.9859,-0.1607,-0.0465,0,-0.1551,0.7741,0.6138,0,-0.336,0.5226,0.1248,1]},{"frame":4,"values":[-0.0626,0.5579,-0.8275,0,-0.9859,-0.1635,-0.0356,0,-0.1551,0.8137,0.5603,0,-0.336,0.5226,0.1248,1]},{"frame":5,"values":[-0.0626,0.4825,-0.8736,0,-0.9859,-0.166,-0.021,0,-0.1551,0.86,0.4861,0,-0.336,0.5226,0.1248,1]},{"frame":6,"values":[-0.0626,0.3838,-0.9213,0,-0.9859,-0.1673,-0.0026,0,-0.1551,0.9082,0.3888,0,-0.336,0.5226,0.1248,1]},{"frame":7,"values":[-0.0626,0.2607,-0.9634,0,-0.9859,-0.1662,0.0191,0,-0.1551,0.951,0.2674,0,-0.336,0.5226,0.1248,1]},{"frame":8,"values":[-0.0626,0.1152,-0.9914,0,-0.9859,-0.1615,0.0435,0,-0.1551,0.9801,0.1237,0,-0.336,0.5226,0.1248,1]},{"frame":9,"values":[-0.0626,-0.0464,-0.997,0,-0.9859,-0.1524,0.069,0,-0.1551,0.9872,-0.0362,0,-0.336,0.5226,0.1248,1]},{"frame":10,"values":[-0.0626,-0.214,-0.9748,0,-0.9859,-0.1385,0.0938,0,-0.1551,0.967,-0.2023,0,-0.336,0.5226,0.1248,1]},{"frame":11,"values":[-0.0626,-0.3755,-0.9247,0,-0.9859,-0.1207,0.1158,0,-0.1551,0.9189,-0.3627,0,-0.336,0.5226,0.1248,1]},{"frame":12,"values":[-0.0626,-0.5199,-0.8519,0,-0.9859,-0.1004,0.1338,0,-0.1551,0.8483,-0.5063,0,-0.336,0.5226,0.1248,1]},{"frame":13,"values":[-0.0626,-0.6403,-0.7656,0,-0.9859,-0.0795,0.1472,0,-0.1551,0.764,-0.6263,0,-0.336,0.5226,0.1248,1]},{"frame":14,"values":[-0.0626,-0.7344,-0.6758,0,-0.9859,-0.0597,0.1563,0,-0.1551,0.6761,-0.7203,0,-0.336,0.5226,0.1248,1]},{"frame":15,"values":[-0.0626,-0.8041,-0.5912,0,-0.9859,-0.0422,0.1619,0,-0.1551,0.593,-0.7901,0,-0.336,0.5226,0.1248,1]},{"frame":16,"values":[-0.0626,-0.8533,-0.5177,0,-0.9859,-0.0277,0.165,0,-0.1551,0.5208,-0.8395,0,-0.336,0.5226,0.1248,1]},{"frame":17,"values":[-0.0626,-0.8862,-0.4591,0,-0.9859,-0.0165,0.1665,0,-0.1551,0.463,-0.8727,0,-0.336,0.5226,0.1248,1]},{"frame":18,"values":[-0.0626,-0.9068,-0.4169,0,-0.9859,-0.0087,0.1671,0,-0.1551,0.4215,-0.8935,0,-0.336,0.5226,0.1248,1]},{"frame":19,"values":[-0.0626,-0.918,-0.3917,0,-0.9859,-0.0041,0.1672,0,-0.1551,0.3966,-0.9048,0,-0.336,0.5226,0.1248,1]},{"frame":20,"values":[-0.0626,-0.9215,-0.3834,0,-0.9859,-0.0026,0.1673,0,-0.1551,0.3884,-0.9083,0,-0.336,0.5226,0.1248,1]},{"frame":21,"values":[-0.0626,-0.918,-0.3917,0,-0.9859,-0.0041,0.1672,0,-0.1551,0.3966,-0.9048,0,-0.336,0.5226,0.1248,1]},{"frame":22,"values":[-0.0626,-0.9068,-0.4169,0,-0.9859,-0.0087,0.1671,0,-0.1551,0.4215,-0.8935,0,-0.336,0.5226,0.1248,1]},{"frame":23,"values":[-0.0626,-0.8862,-0.4591,0,-0.9859,-0.0165,0.1665,0,-0.1551,0.463,-0.8727,0,-0.336,0.5226,0.1248,1]},{"frame":24,"values":[-0.0626,-0.8533,-0.5177,0,-0.9859,-0.0277,0.165,0,-0.1551,0.5208,-0.8395,0,-0.336,0.5226,0.1248,1]},{"frame":25,"values":[-0.0626,-0.8041,-0.5912,0,-0.9859,-0.0422,0.1619,0,-0.1551,0.593,-0.7901,0,-0.336,0.5226,0.1248,1]},{"frame":26,"values":[-0.0626,-0.7344,-0.6758,0,-0.9859,-0.0597,0.1563,0,-0.1551,0.6761,-0.7203,0,-0.336,0.5226,0.1248,1]},{"frame":27,"values":[-0.0626,-0.6403,-0.7656,0,-0.9859,-0.0795,0.1472,0,-0.1551,0.764,-0.6263,0,-0.336,0.5226,0.1248,1]},{"frame":28,"values":[-0.0626,-0.5199,-0.8519,0,-0.9859,-0.1004,0.1338,0,-0.1551,0.8483,-0.5063,0,-0.336,0.5226,0.1248,1]},{"frame":29,"values":[-0.0626,-0.3755,-0.9247,0,-0.9859,-0.1207,0.1158,0,-0.1551,0.9189,-0.3627,0,-0.336,0.5226,0.1248,1]},{"frame":30,"values":[-0.0626,-0.214,-0.9748,0,-0.9859,-0.1385,0.0938,0,-0.1551,0.967,-0.2023,0,-0.336,0.5226,0.1248,1]},{"frame":31,"values":[-0.0626,-0.0464,-0.997,0,-0.9859,-0.1524,0.069,0,-0.1551,0.9872,-0.0362,0,-0.336,0.5226,0.1248,1]},{"frame":32,"values":[-0.0626,0.1152,-0.9914,0,-0.9859,-0.1615,0.0435,0,-0.1551,0.9801,0.1237,0,-0.336,0.5226,0.1248,1]},{"frame":33,"values":[-0.0626,0.2607,-0.9634,0,-0.9859,-0.1662,0.0191,0,-0.1551,0.951,0.2674,0,-0.336,0.5226,0.1248,1]},{"frame":34,"values":[-0.0626,0.3838,-0.9213,0,-0.9859,-0.1673,-0.0026,0,-0.1551,0.9082,0.3888,0,-0.336,0.5226,0.1248,1]},{"frame":35,"values":[-0.0626,0.4825,-0.8736,0,-0.9859,-0.166,-0.021,0,-0.1551,0.86,0.4861,0,-0.336,0.5226,0.1248,1]},{"frame":36,"values":[-0.0626,0.5579,-0.8275,0,-0.9859,-0.1635,-0.0356,0,-0.1551,0.8137,0.5603,0,-0.336,0.5226,0.1248,1]},{"frame":37,"values":[-0.0626,0.6124,-0.7881,0,-0.9859,-0.1607,-0.0465,0,-0.1551,0.7741,0.6138,0,-0.336,0.5226,0.1248,1]},{"frame":38,"values":[-0.0626,0.6488,-0.7584,0,-0.9859,-0.1583,-0.054,0,-0.1551,0.7443,0.6495,0,-0.336,0.5226,0.1248,1]},{"frame":39,"values":[-0.0626,0.6695,-0.7402,0,-0.9859,-0.1568,-0.0584,0,-0.1551,0.7261,0.6698,0,-0.336,0.5226,0.1248,1]}],"loopBehavior":1,"name":"anim","property":"_matrix"}},
{"name":"Bone.015","index":8,"matrix":[0.9898,-0.1419,0.0128,0,0.0811,0.4873,-0.8695,0,0.1171,0.8616,0.4938,0,0,0.8365,0,1],"parentBoneIndex":7,"animation":{"dataType":3,"framePerSecond":24,"keys":[{"frame":0,"values":[0.9898,-0.1419,0.0128,0,0.0811,0.4873,-0.8695,0,0.1171,0.8616,0.4938,0,0,0.8365,0,1]},{"frame":1,"values":[0.9898,-0.1419,0.0128,0,0.0811,0.4873,-0.8695,0,0.1171,0.8616,0.4938,0,0,0.8365,0,1]},{"frame":2,"values":[0.9898,-0.1419,0.0128,0,0.0811,0.4873,-0.8695,0,0.1171,0.8616,0.4938,0,0,0.8365,0,1]},{"frame":3,"values":[0.9898,-0.1419,0.0128,0,0.0811,0.4873,-0.8695,0,0.1171,0.8616,0.4938,0,0,0.8365,0,1]},{"frame":4,"values":[0.9898,-0.1419,0.0128,0,0.0811,0.4873,-0.8695,0,0.1171,0.8616,0.4938,0,0,0.8365,0,1]},{"frame":5,"values":[0.9898,-0.1419,0.0128,0,0.0811,0.4873,-0.8695,0,0.1171,0.8616,0.4938,0,0,0.8365,0,1]},{"frame":6,"values":[0.9898,-0.1419,0.0128,0,0.0811,0.4873,-0.8695,0,0.1171,0.8616,0.4938,0,0,0.8365,0,1]},{"frame":7,"values":[0.9898,-0.1419,0.0128,0,0.0811,0.4873,-0.8695,0,0.1171,0.8616,0.4938,0,0,0.8365,0,1]},{"frame":8,"values":[0.9898,-0.1419,0.0128,0,0.0811,0.4873,-0.8695,0,0.1171,0.8616,0.4938,0,0,0.8365,0,1]},{"frame":9,"values":[0.9898,-0.1419,0.0128,0,0.0811,0.4873,-0.8695,0,0.1171,0.8616,0.4938,0,0,0.8365,0,1]},{"frame":10,"values":[0.9898,-0.1419,0.0128,0,0.0811,0.4873,-0.8695,0,0.1171,0.8616,0.4938,0,0,0.8365,0,1]},{"frame":11,"values":[0.9898,-0.1419,0.0128,0,0.0811,0.4873,-0.8695,0,0.1171,0.8616,0.4938,0,0,0.8365,0,1]},{"frame":12,"values":[0.9898,-0.1419,0.0128,0,0.0811,0.4873,-0.8695,0,0.1171,0.8616,0.4938,0,0,0.8365,0,1]},{"frame":13,"values":[0.9898,-0.1419,0.0128,0,0.0811,0.4873,-0.8695,0,0.1171,0.8616,0.4938,0,0,0.8365,0,1]},{"frame":14,"values":[0.9898,-0.1419,0.0128,0,0.0811,0.4873,-0.8695,0,0.1171,0.8616,0.4938,0,0,0.8365,0,1]},{"frame":15,"values":[0.9898,-0.1419,0.0128,0,0.0811,0.4873,-0.8695,0,0.1171,0.8616,0.4938,0,0,0.8365,0,1]},{"frame":16,"values":[0.9898,-0.1419,0.0128,0,0.0811,0.4873,-0.8695,0,0.1171,0.8616,0.4938,0,0,0.8365,0,1]},{"frame":17,"values":[0.9898,-0.1419,0.0128,0,0.0811,0.4873,-0.8695,0,0.1171,0.8616,0.4938,0,0,0.8365,0,1]},{"frame":18,"values":[0.9898,-0.1419,0.0128,0,0.0811,0.4873,-0.8695,0,0.1171,0.8616,0.4938,0,0,0.8365,0,1]},{"frame":19,"values":[0.9898,-0.1419,0.0128,0,0.0811,0.4873,-0.8695,0,0.1171,0.8616,0.4938,0,0,0.8365,0,1]},{"frame":20,"values":[0.9898,-0.1419,0.0128,0,0.0811,0.4873,-0.8695,0,0.1171,0.8616,0.4938,0,0,0.8365,0,1]},{"frame":21,"values":[0.9898,-0.1419,0.0128,0,0.0811,0.4873,-0.8695,0,0.1171,0.8616,0.4938,0,0,0.8365,0,1]},{"frame":22,"values":[0.9898,-0.1419,0.0128,0,0.0811,0.4873,-0.8695,0,0.1171,0.8616,0.4938,0,0,0.8365,0,1]},{"frame":23,"values":[0.9898,-0.1419,0.0128,0,0.0811,0.4873,-0.8695,0,0.1171,0.8616,0.4938,0,0,0.8365,0,1]},{"frame":24,"values":[0.9898,-0.1419,0.0128,0,0.0811,0.4873,-0.8695,0,0.1171,0.8616,0.4938,0,0,0.8365,0,1]},{"frame":25,"values":[0.9898,-0.1419,0.0128,0,0.0811,0.4873,-0.8695,0,0.1171,0.8616,0.4938,0,0,0.8365,0,1]},{"frame":26,"values":[0.9898,-0.1419,0.0128,0,0.0811,0.4873,-0.8695,0,0.1171,0.8616,0.4938,0,0,0.8365,0,1]},{"frame":27,"values":[0.9898,-0.1419,0.0128,0,0.0811,0.4873,-0.8695,0,0.1171,0.8616,0.4938,0,0,0.8365,0,1]},{"frame":28,"values":[0.9898,-0.1419,0.0128,0,0.0811,0.4873,-0.8695,0,0.1171,0.8616,0.4938,0,0,0.8365,0,1]},{"frame":29,"values":[0.9898,-0.1419,0.0128,0,0.0811,0.4873,-0.8695,0,0.1171,0.8616,0.4938,0,0,0.8365,0,1]},{"frame":30,"values":[0.9898,-0.1419,0.0128,0,0.0811,0.4873,-0.8695,0,0.1171,0.8616,0.4938,0,0,0.8365,0,1]},{"frame":31,"values":[0.9898,-0.1419,0.0128,0,0.0811,0.4873,-0.8695,0,0.1171,0.8616,0.4938,0,0,0.8365,0,1]},{"frame":32,"values":[0.9898,-0.1419,0.0128,0,0.0811,0.4873,-0.8695,0,0.1171,0.8616,0.4938,0,0,0.8365,0,1]},{"frame":33,"values":[0.9898,-0.1419,0.0128,0,0.0811,0.4873,-0.8695,0,0.1171,0.8616,0.4938,0,0,0.8365,0,1]},{"frame":34,"values":[0.9898,-0.1419,0.0128,0,0.0811,0.4873,-0.8695,0,0.1171,0.8616,0.4938,0,0,0.8365,0,1]},{"frame":35,"values":[0.9898,-0.1419,0.0128,0,0.0811,0.4873,-0.8695,0,0.1171,0.8616,0.4938,0,0,0.8365,0,1]},{"frame":36,"values":[0.9898,-0.1419,0.0128,0,0.0811,0.4873,-0.8695,0,0.1171,0.8616,0.4938,0,0,0.8365,0,1]},{"frame":37,"values":[0.9898,-0.1419,0.0128,0,0.0811,0.4873,-0.8695,0,0.1171,0.8616,0.4938,0,0,0.8365,0,1]},{"frame":38,"values":[0.9898,-0.1419,0.0128,0,0.0811,0.4873,-0.8695,0,0.1171,0.8616,0.4938,0,0,0.8365,0,1]},{"frame":39,"values":[0.9898,-0.1419,0.0128,0,0.0811,0.4873,-0.8695,0,0.1171,0.8616,0.4938,0,0,0.8365,0,1]}],"loopBehavior":1,"name":"anim","property":"_matrix"}},
{"name":"Bone.016","index":9,"matrix":[0.0034,-0.2296,-0.9733,0,0.1828,0.957,-0.2252,0,0.9831,-0.1772,0.0452,0,0,0.8644,0,1],"parentBoneIndex":8,"animation":{"dataType":3,"framePerSecond":24,"keys":[{"frame":0,"values":[0.0034,-0.2296,-0.9733,0,0.1828,0.957,-0.2252,0,0.9831,-0.1772,0.0452,0,0,0.8644,0,1]},{"frame":1,"values":[0.0034,-0.2296,-0.9733,0,0.1828,0.957,-0.2252,0,0.9831,-0.1772,0.0452,0,0,0.8644,0,1]},{"frame":2,"values":[0.0034,-0.2296,-0.9733,0,0.1828,0.957,-0.2252,0,0.9831,-0.1772,0.0452,0,0,0.8644,0,1]},{"frame":3,"values":[0.0034,-0.2296,-0.9733,0,0.1828,0.957,-0.2252,0,0.9831,-0.1772,0.0452,0,0,0.8644,0,1]},{"frame":4,"values":[0.0034,-0.2296,-0.9733,0,0.1828,0.957,-0.2252,0,0.9831,-0.1772,0.0452,0,0,0.8644,0,1]},{"frame":5,"values":[0.0034,-0.2296,-0.9733,0,0.1828,0.957,-0.2252,0,0.9831,-0.1772,0.0452,0,0,0.8644,0,1]},{"frame":6,"values":[0.0034,-0.2296,-0.9733,0,0.1828,0.957,-0.2252,0,0.9831,-0.1772,0.0452,0,0,0.8644,0,1]},{"frame":7,"values":[0.0034,-0.2296,-0.9733,0,0.1828,0.957,-0.2252,0,0.9831,-0.1772,0.0452,0,0,0.8644,0,1]},{"frame":8,"values":[0.0034,-0.2296,-0.9733,0,0.1828,0.957,-0.2252,0,0.9831,-0.1772,0.0452,0,0,0.8644,0,1]},{"frame":9,"values":[0.0034,-0.2296,-0.9733,0,0.1828,0.957,-0.2252,0,0.9831,-0.1772,0.0452,0,0,0.8644,0,1]},{"frame":10,"values":[0.0034,-0.2296,-0.9733,0,0.1828,0.957,-0.2252,0,0.9831,-0.1772,0.0452,0,0,0.8644,0,1]},{"frame":11,"values":[0.0034,-0.2296,-0.9733,0,0.1828,0.957,-0.2252,0,0.9831,-0.1772,0.0452,0,0,0.8644,0,1]},{"frame":12,"values":[0.0034,-0.2296,-0.9733,0,0.1828,0.957,-0.2252,0,0.9831,-0.1772,0.0452,0,0,0.8644,0,1]},{"frame":13,"values":[0.0034,-0.2296,-0.9733,0,0.1828,0.957,-0.2252,0,0.9831,-0.1772,0.0452,0,0,0.8644,0,1]},{"frame":14,"values":[0.0034,-0.2296,-0.9733,0,0.1828,0.957,-0.2252,0,0.9831,-0.1772,0.0452,0,0,0.8644,0,1]},{"frame":15,"values":[0.0034,-0.2296,-0.9733,0,0.1828,0.957,-0.2252,0,0.9831,-0.1772,0.0452,0,0,0.8644,0,1]},{"frame":16,"values":[0.0034,-0.2296,-0.9733,0,0.1828,0.957,-0.2252,0,0.9831,-0.1772,0.0452,0,0,0.8644,0,1]},{"frame":17,"values":[0.0034,-0.2296,-0.9733,0,0.1828,0.957,-0.2252,0,0.9831,-0.1772,0.0452,0,0,0.8644,0,1]},{"frame":18,"values":[0.0034,-0.2296,-0.9733,0,0.1828,0.957,-0.2252,0,0.9831,-0.1772,0.0452,0,0,0.8644,0,1]},{"frame":19,"values":[0.0034,-0.2296,-0.9733,0,0.1828,0.957,-0.2252,0,0.9831,-0.1772,0.0452,0,0,0.8644,0,1]},{"frame":20,"values":[0.0034,-0.2296,-0.9733,0,0.1828,0.957,-0.2252,0,0.9831,-0.1772,0.0452,0,0,0.8644,0,1]},{"frame":21,"values":[0.0034,-0.2296,-0.9733,0,0.1828,0.957,-0.2252,0,0.9831,-0.1772,0.0452,0,0,0.8644,0,1]},{"frame":22,"values":[0.0034,-0.2296,-0.9733,0,0.1828,0.957,-0.2252,0,0.9831,-0.1772,0.0452,0,0,0.8644,0,1]},{"frame":23,"values":[0.0034,-0.2296,-0.9733,0,0.1828,0.957,-0.2252,0,0.9831,-0.1772,0.0452,0,0,0.8644,0,1]},{"frame":24,"values":[0.0034,-0.2296,-0.9733,0,0.1828,0.957,-0.2252,0,0.9831,-0.1772,0.0452,0,0,0.8644,0,1]},{"frame":25,"values":[0.0034,-0.2296,-0.9733,0,0.1828,0.957,-0.2252,0,0.9831,-0.1772,0.0452,0,0,0.8644,0,1]},{"frame":26,"values":[0.0034,-0.2296,-0.9733,0,0.1828,0.957,-0.2252,0,0.9831,-0.1772,0.0452,0,0,0.8644,0,1]},{"frame":27,"values":[0.0034,-0.2296,-0.9733,0,0.1828,0.957,-0.2252,0,0.9831,-0.1772,0.0452,0,0,0.8644,0,1]},{"frame":28,"values":[0.0034,-0.2296,-0.9733,0,0.1828,0.957,-0.2252,0,0.9831,-0.1772,0.0452,0,0,0.8644,0,1]},{"frame":29,"values":[0.0034,-0.2296,-0.9733,0,0.1828,0.957,-0.2252,0,0.9831,-0.1772,0.0452,0,0,0.8644,0,1]},{"frame":30,"values":[0.0034,-0.2296,-0.9733,0,0.1828,0.957,-0.2252,0,0.9831,-0.1772,0.0452,0,0,0.8644,0,1]},{"frame":31,"values":[0.0034,-0.2296,-0.9733,0,0.1828,0.957,-0.2252,0,0.9831,-0.1772,0.0452,0,0,0.8644,0,1]},{"frame":32,"values":[0.0034,-0.2296,-0.9733,0,0.1828,0.957,-0.2252,0,0.9831,-0.1772,0.0452,0,0,0.8644,0,1]},{"frame":33,"values":[0.0034,-0.2296,-0.9733,0,0.1828,0.957,-0.2252,0,0.9831,-0.1772,0.0452,0,0,0.8644,0,1]},{"frame":34,"values":[0.0034,-0.2296,-0.9733,0,0.1828,0.957,-0.2252,0,0.9831,-0.1772,0.0452,0,0,0.8644,0,1]},{"frame":35,"values":[0.0034,-0.2296,-0.9733,0,0.1828,0.957,-0.2252,0,0.9831,-0.1772,0.0452,0,0,0.8644,0,1]},{"frame":36,"values":[0.0034,-0.2296,-0.9733,0,0.1828,0.957,-0.2252,0,0.9831,-0.1772,0.0452,0,0,0.8644,0,1]},{"frame":37,"values":[0.0034,-0.2296,-0.9733,0,0.1828,0.957,-0.2252,0,0.9831,-0.1772,0.0452,0,0,0.8644,0,1]},{"frame":38,"values":[0.0034,-0.2296,-0.9733,0,0.1828,0.957,-0.2252,0,0.9831,-0.1772,0.0452,0,0,0.8644,0,1]},{"frame":39,"values":[0.0034,-0.2296,-0.9733,0,0.1828,0.957,-0.2252,0,0.9831,-0.1772,0.0452,0,0,0.8644,0,1]}],"loopBehavior":1,"name":"anim","property":"_matrix"}},
{"name":"Bone.022","index":10,"matrix":[-0.1334,-0.4935,0.8594,0,0.9818,0.0524,0.1825,0,-0.1351,0.8681,0.4776,0,0.3505,0.5226,0.1248,1],"parentBoneIndex":2,"animation":{"dataType":3,"framePerSecond":24,"keys":[{"frame":0,"values":[-0.1334,-0.4935,0.8594,0,0.9818,0.0524,0.1825,0,-0.1351,0.8681,0.4776,0,0.3505,0.5226,0.1248,1]},{"frame":1,"values":[-0.1334,-0.5019,0.8546,0,0.9818,0.0506,0.183,0,-0.1351,0.8634,0.486,0,0.3505,0.5226,0.1248,1]},{"frame":2,"values":[-0.1334,-0.5272,0.8392,0,0.9818,0.0451,0.1844,0,-0.1351,0.8486,0.5115,0,0.3505,0.5226,0.1248,1]},{"frame":3,"values":[-0.1334,-0.5693,0.8112,0,0.9818,0.0357,0.1865,0,-0.1351,0.8214,0.5542,0,0.3505,0.5226,0.1248,1]},{"frame":4,"values":[-0.1334,-0.6274,0.7672,0,0.9818,0.0219,0.1886,0,-0.1351,0.7784,0.6131,0,0.3505,0.5226,0.1248,1]},{"frame":5,"values":[-0.1334,-0.6992,0.7024,0,0.9818,0.0034,0.1899,0,-0.1351,0.715,0.686,0,0.3505,0.5226,0.1248,1]},{"frame":6,"values":[-0.1334,-0.7797,0.6118,0,0.9818,-0.0198,0.1889,0,-0.1351,0.6259,0.7681,0,0.3505,0.5226,0.1248,1]},{"frame":7,"values":[-0.1334,-0.8607,0.4912,0,0.9818,-0.0472,0.1839,0,-0.1351,0.5068,0.8514,0,0.3505,0.5226,0.1248,1]},{"frame":8,"values":[-0.1334,-0.931,0.3396,0,0.9818,-0.0775,0.1734,0,-0.1351,0.3566,0.9244,0,0.3505,0.5226,0.1248,1]},{"frame":9,"values":[-0.1334,-0.9778,0.1617,0,0.9818,-0.1082,0.1561,0,-0.1351,0.1796,0.9744,0,0.3505,0.5226,0.1248,1]},{"frame":10,"values":[-0.1334,-0.9906,-0.031,0,0.9818,-0.1364,0.1321,0,-0.1351,-0.0128,0.9907,0,0.3505,0.5226,0.1248,1]},{"frame":11,"values":[-0.1334,-0.9657,-0.2226,0,0.9818,-0.1594,0.1032,0,-0.1351,-0.2048,0.9694,0,0.3505,0.5226,0.1248,1]},{"frame":12,"values":[-0.1334,-0.908,-0.3972,0,0.9818,-0.1757,0.0719,0,-0.1351,-0.3804,0.9149,0,0.3505,0.5226,0.1248,1]},{"frame":13,"values":[-0.1334,-0.8283,-0.5441,0,0.9818,-0.1853,0.0414,0,-0.1351,-0.5287,0.838,0,0.3505,0.5226,0.1248,1]},{"frame":14,"values":[-0.1334,-0.7398,-0.6594,0,0.9818,-0.1894,0.0138,0,-0.1351,-0.6456,0.7516,0,0.3505,0.5226,0.1248,1]},{"frame":15,"values":[-0.1334,-0.6538,-0.7448,0,0.9818,-0.1897,-0.0094,0,-0.1351,-0.7325,0.6672,0,0.3505,0.5226,0.1248,1]},{"frame":16,"values":[-0.1334,-0.5782,-0.8049,0,0.9818,-0.1878,-0.0278,0,-0.1351,-0.794,0.5927,0,0.3505,0.5226,0.1248,1]},{"frame":17,"values":[-0.1334,-0.5174,-0.8453,0,0.9818,-0.1853,-0.0416,0,-0.1351,-0.8354,0.5327,0,0.3505,0.5226,0.1248,1]},{"frame":18,"values":[-0.1334,-0.4736,-0.8706,0,0.9818,-0.1829,-0.051,0,-0.1351,-0.8615,0.4894,0,0.3505,0.5226,0.1248,1]},{"frame":19,"values":[-0.1334,-0.4474,-0.8843,0,0.9818,-0.1813,-0.0564,0,-0.1351,-0.8757,0.4635,0,0.3505,0.5226,0.1248,1]},{"frame":20,"values":[-0.1334,-0.4388,-0.8886,0,0.9818,-0.1808,-0.0582,0,-0.1351,-0.8802,0.4549,0,0.3505,0.5226,0.1248,1]},{"frame":21,"values":[-0.1334,-0.4474,-0.8843,0,0.9818,-0.1813,-0.0564,0,-0.1351,-0.8757,0.4635,0,0.3505,0.5226,0.1248,1]},{"frame":22,"values":[-0.1334,-0.4736,-0.8706,0,0.9818,-0.1829,-0.051,0,-0.1351,-0.8615,0.4894,0,0.3505,0.5226,0.1248,1]},{"frame":23,"values":[-0.1334,-0.5174,-0.8453,0,0.9818,-0.1853,-0.0416,0,-0.1351,-0.8354,0.5327,0,0.3505,0.5226,0.1248,1]},{"frame":24,"values":[-0.1334,-0.5782,-0.8049,0,0.9818,-0.1878,-0.0278,0,-0.1351,-0.794,0.5927,0,0.3505,0.5226,0.1248,1]},{"frame":25,"values":[-0.1334,-0.6538,-0.7448,0,0.9818,-0.1897,-0.0094,0,-0.1351,-0.7325,0.6672,0,0.3505,0.5226,0.1248,1]},{"frame":26,"values":[-0.1334,-0.7398,-0.6594,0,0.9818,-0.1894,0.0138,0,-0.1351,-0.6456,0.7516,0,0.3505,0.5226,0.1248,1]},{"frame":27,"values":[-0.1334,-0.8283,-0.5441,0,0.9818,-0.1853,0.0414,0,-0.1351,-0.5287,0.838,0,0.3505,0.5226,0.1248,1]},{"frame":28,"values":[-0.1334,-0.908,-0.3972,0,0.9818,-0.1757,0.0719,0,-0.1351,-0.3804,0.9149,0,0.3505,0.5226,0.1248,1]},{"frame":29,"values":[-0.1334,-0.9657,-0.2226,0,0.9818,-0.1594,0.1032,0,-0.1351,-0.2048,0.9694,0,0.3505,0.5226,0.1248,1]},{"frame":30,"values":[-0.1334,-0.9906,-0.031,0,0.9818,-0.1364,0.1321,0,-0.1351,-0.0128,0.9907,0,0.3505,0.5226,0.1248,1]},{"frame":31,"values":[-0.1334,-0.9778,0.1617,0,0.9818,-0.1082,0.1561,0,-0.1351,0.1796,0.9744,0,0.3505,0.5226,0.1248,1]},{"frame":32,"values":[-0.1334,-0.931,0.3396,0,0.9818,-0.0775,0.1734,0,-0.1351,0.3566,0.9244,0,0.3505,0.5226,0.1248,1]},{"frame":33,"values":[-0.1334,-0.8607,0.4912,0,0.9818,-0.0472,0.1839,0,-0.1351,0.5068,0.8514,0,0.3505,0.5226,0.1248,1]},{"frame":34,"values":[-0.1334,-0.7797,0.6118,0,0.9818,-0.0198,0.1889,0,-0.1351,0.6259,0.7681,0,0.3505,0.5226,0.1248,1]},{"frame":35,"values":[-0.1334,-0.6992,0.7024,0,0.9818,0.0034,0.1899,0,-0.1351,0.715,0.686,0,0.3505,0.5226,0.1248,1]},{"frame":36,"values":[-0.1334,-0.6274,0.7672,0,0.9818,0.0219,0.1886,0,-0.1351,0.7784,0.6131,0,0.3505,0.5226,0.1248,1]},{"frame":37,"values":[-0.1334,-0.5693,0.8112,0,0.9818,0.0357,0.1865,0,-0.1351,0.8214,0.5542,0,0.3505,0.5226,0.1248,1]},{"frame":38,"values":[-0.1334,-0.5272,0.8392,0,0.9818,0.0451,0.1844,0,-0.1351,0.8486,0.5115,0,0.3505,0.5226,0.1248,1]},{"frame":39,"values":[-0.1334,-0.5019,0.8546,0,0.9818,0.0506,0.183,0,-0.1351,0.8634,0.486,0,0.3505,0.5226,0.1248,1]}],"loopBehavior":1,"name":"anim","property":"_matrix"}},
{"name":"Bone.023","index":11,"matrix":[-0.0096,-0.1294,-0.9915,0,0.8102,0.5802,-0.0835,0,0.5861,-0.8042,0.0993,0,0,0.8365,0,1],"parentBoneIndex":10,"animation":{"dataType":3,"framePerSecond":24,"keys":[{"frame":0,"values":[-0.0096,-0.1294,-0.9915,0,0.8102,0.5802,-0.0835,0,0.5861,-0.8042,0.0993,0,0,0.8365,0,1]},{"frame":1,"values":[-0.0096,-0.1294,-0.9915,0,0.8102,0.5802,-0.0835,0,0.5861,-0.8042,0.0993,0,0,0.8365,0,1]},{"frame":2,"values":[-0.0096,-0.1294,-0.9915,0,0.8102,0.5802,-0.0835,0,0.5861,-0.8042,0.0993,0,0,0.8365,0,1]},{"frame":3,"values":[-0.0096,-0.1294,-0.9915,0,0.8102,0.5802,-0.0835,0,0.5861,-0.8042,0.0993,0,0,0.8365,0,1]},{"frame":4,"values":[-0.0096,-0.1294,-0.9915,0,0.8102,0.5802,-0.0835,0,0.5861,-0.8042,0.0993,0,0,0.8365,0,1]},{"frame":5,"values":[-0.0096,-0.1294,-0.9915,0,0.8102,0.5802,-0.0835,0,0.5861,-0.8042,0.0993,0,0,0.8365,0,1]},{"frame":6,"values":[-0.0096,-0.1294,-0.9915,0,0.8102,0.5802,-0.0835,0,0.5861,-0.8042,0.0993,0,0,0.8365,0,1]},{"frame":7,"values":[-0.0096,-0.1294,-0.9915,0,0.8102,0.5802,-0.0835,0,0.5861,-0.8042,0.0993,0,0,0.8365,0,1]},{"frame":8,"values":[-0.0096,-0.1294,-0.9915,0,0.8102,0.5802,-0.0835,0,0.5861,-0.8042,0.0993,0,0,0.8365,0,1]},{"frame":9,"values":[-0.0096,-0.1294,-0.9915,0,0.8102,0.5802,-0.0835,0,0.5861,-0.8042,0.0993,0,0,0.8365,0,1]},{"frame":10,"values":[-0.0096,-0.1294,-0.9915,0,0.8102,0.5802,-0.0835,0,0.5861,-0.8042,0.0993,0,0,0.8365,0,1]},{"frame":11,"values":[-0.0096,-0.1294,-0.9915,0,0.8102,0.5802,-0.0835,0,0.5861,-0.8042,0.0993,0,0,0.8365,0,1]},{"frame":12,"values":[-0.0096,-0.1294,-0.9915,0,0.8102,0.5802,-0.0835,0,0.5861,-0.8042,0.0993,0,0,0.8365,0,1]},{"frame":13,"values":[-0.0096,-0.1294,-0.9915,0,0.8102,0.5802,-0.0835,0,0.5861,-0.8042,0.0993,0,0,0.8365,0,1]},{"frame":14,"values":[-0.0096,-0.1294,-0.9915,0,0.8102,0.5802,-0.0835,0,0.5861,-0.8042,0.0993,0,0,0.8365,0,1]},{"frame":15,"values":[-0.0096,-0.1294,-0.9915,0,0.8102,0.5802,-0.0835,0,0.5861,-0.8042,0.0993,0,0,0.8365,0,1]},{"frame":16,"values":[-0.0096,-0.1294,-0.9915,0,0.8102,0.5802,-0.0835,0,0.5861,-0.8042,0.0993,0,0,0.8365,0,1]},{"frame":17,"values":[-0.0096,-0.1294,-0.9915,0,0.8102,0.5802,-0.0835,0,0.5861,-0.8042,0.0993,0,0,0.8365,0,1]},{"frame":18,"values":[-0.0096,-0.1294,-0.9915,0,0.8102,0.5802,-0.0835,0,0.5861,-0.8042,0.0993,0,0,0.8365,0,1]},{"frame":19,"values":[-0.0096,-0.1294,-0.9915,0,0.8102,0.5802,-0.0835,0,0.5861,-0.8042,0.0993,0,0,0.8365,0,1]},{"frame":20,"values":[-0.0096,-0.1294,-0.9915,0,0.8102,0.5802,-0.0835,0,0.5861,-0.8042,0.0993,0,0,0.8365,0,1]},{"frame":21,"values":[-0.0096,-0.1294,-0.9915,0,0.8102,0.5802,-0.0835,0,0.5861,-0.8042,0.0993,0,0,0.8365,0,1]},{"frame":22,"values":[-0.0096,-0.1294,-0.9915,0,0.8102,0.5802,-0.0835,0,0.5861,-0.8042,0.0993,0,0,0.8365,0,1]},{"frame":23,"values":[-0.0096,-0.1294,-0.9915,0,0.8102,0.5802,-0.0835,0,0.5861,-0.8042,0.0993,0,0,0.8365,0,1]},{"frame":24,"values":[-0.0096,-0.1294,-0.9915,0,0.8102,0.5802,-0.0835,0,0.5861,-0.8042,0.0993,0,0,0.8365,0,1]},{"frame":25,"values":[-0.0096,-0.1294,-0.9915,0,0.8102,0.5802,-0.0835,0,0.5861,-0.8042,0.0993,0,0,0.8365,0,1]},{"frame":26,"values":[-0.0096,-0.1294,-0.9915,0,0.8102,0.5802,-0.0835,0,0.5861,-0.8042,0.0993,0,0,0.8365,0,1]},{"frame":27,"values":[-0.0096,-0.1294,-0.9915,0,0.8102,0.5802,-0.0835,0,0.5861,-0.8042,0.0993,0,0,0.8365,0,1]},{"frame":28,"values":[-0.0096,-0.1294,-0.9915,0,0.8102,0.5802,-0.0835,0,0.5861,-0.8042,0.0993,0,0,0.8365,0,1]},{"frame":29,"values":[-0.0096,-0.1294,-0.9915,0,0.8102,0.5802,-0.0835,0,0.5861,-0.8042,0.0993,0,0,0.8365,0,1]},{"frame":30,"values":[-0.0096,-0.1294,-0.9915,0,0.8102,0.5802,-0.0835,0,0.5861,-0.8042,0.0993,0,0,0.8365,0,1]},{"frame":31,"values":[-0.0096,-0.1294,-0.9915,0,0.8102,0.5802,-0.0835,0,0.5861,-0.8042,0.0993,0,0,0.8365,0,1]},{"frame":32,"values":[-0.0096,-0.1294,-0.9915,0,0.8102,0.5802,-0.0835,0,0.5861,-0.8042,0.0993,0,0,0.8365,0,1]},{"frame":33,"values":[-0.0096,-0.1294,-0.9915,0,0.8102,0.5802,-0.0835,0,0.5861,-0.8042,0.0993,0,0,0.8365,0,1]},{"frame":34,"values":[-0.0096,-0.1294,-0.9915,0,0.8102,0.5802,-0.0835,0,0.5861,-0.8042,0.0993,0,0,0.8365,0,1]},{"frame":35,"values":[-0.0096,-0.1294,-0.9915,0,0.8102,0.5802,-0.0835,0,0.5861,-0.8042,0.0993,0,0,0.8365,0,1]},{"frame":36,"values":[-0.0096,-0.1294,-0.9915,0,0.8102,0.5802,-0.0835,0,0.5861,-0.8042,0.0993,0,0,0.8365,0,1]},{"frame":37,"values":[-0.0096,-0.1294,-0.9915,0,0.8102,0.5802,-0.0835,0,0.5861,-0.8042,0.0993,0,0,0.8365,0,1]},{"frame":38,"values":[-0.0096,-0.1294,-0.9915,0,0.8102,0.5802,-0.0835,0,0.5861,-0.8042,0.0993,0,0,0.8365,0,1]},{"frame":39,"values":[-0.0096,-0.1294,-0.9915,0,0.8102,0.5802,-0.0835,0,0.5861,-0.8042,0.0993,0,0,0.8365,0,1]}],"loopBehavior":1,"name":"anim","property":"_matrix"}},
{"name":"Bone.024","index":12,"matrix":[0.0086,0.454,-0.891,0,0.1763,0.8763,0.4483,0,0.9843,-0.161,-0.0725,0,0,0.8644,0,1],"parentBoneIndex":11,"animation":{"dataType":3,"framePerSecond":24,"keys":[{"frame":0,"values":[0.0086,0.454,-0.891,0,0.1763,0.8763,0.4483,0,0.9843,-0.161,-0.0725,0,0,0.8644,0,1]},{"frame":1,"values":[0.0086,0.454,-0.891,0,0.1763,0.8763,0.4483,0,0.9843,-0.161,-0.0725,0,0,0.8644,0,1]},{"frame":2,"values":[0.0086,0.454,-0.891,0,0.1763,0.8763,0.4483,0,0.9843,-0.161,-0.0725,0,0,0.8644,0,1]},{"frame":3,"values":[0.0086,0.454,-0.891,0,0.1763,0.8763,0.4483,0,0.9843,-0.161,-0.0725,0,0,0.8644,0,1]},{"frame":4,"values":[0.0086,0.454,-0.891,0,0.1763,0.8763,0.4483,0,0.9843,-0.161,-0.0725,0,0,0.8644,0,1]},{"frame":5,"values":[0.0086,0.454,-0.891,0,0.1763,0.8763,0.4483,0,0.9843,-0.161,-0.0725,0,0,0.8644,0,1]},{"frame":6,"values":[0.0086,0.454,-0.891,0,0.1763,0.8763,0.4483,0,0.9843,-0.161,-0.0725,0,0,0.8644,0,1]},{"frame":7,"values":[0.0086,0.454,-0.891,0,0.1763,0.8763,0.4483,0,0.9843,-0.161,-0.0725,0,0,0.8644,0,1]},{"frame":8,"values":[0.0086,0.454,-0.891,0,0.1763,0.8763,0.4483,0,0.9843,-0.161,-0.0725,0,0,0.8644,0,1]},{"frame":9,"values":[0.0086,0.454,-0.891,0,0.1763,0.8763,0.4483,0,0.9843,-0.161,-0.0725,0,0,0.8644,0,1]},{"frame":10,"values":[0.0086,0.454,-0.891,0,0.1763,0.8763,0.4483,0,0.9843,-0.161,-0.0725,0,0,0.8644,0,1]},{"frame":11,"values":[0.0086,0.454,-0.891,0,0.1763,0.8763,0.4483,0,0.9843,-0.161,-0.0725,0,0,0.8644,0,1]},{"frame":12,"values":[0.0086,0.454,-0.891,0,0.1763,0.8763,0.4483,0,0.9843,-0.161,-0.0725,0,0,0.8644,0,1]},{"frame":13,"values":[0.0086,0.454,-0.891,0,0.1763,0.8763,0.4483,0,0.9843,-0.161,-0.0725,0,0,0.8644,0,1]},{"frame":14,"values":[0.0086,0.454,-0.891,0,0.1763,0.8763,0.4483,0,0.9843,-0.161,-0.0725,0,0,0.8644,0,1]},{"frame":15,"values":[0.0086,0.454,-0.891,0,0.1763,0.8763,0.4483,0,0.9843,-0.161,-0.0725,0,0,0.8644,0,1]},{"frame":16,"values":[0.0086,0.454,-0.891,0,0.1763,0.8763,0.4483,0,0.9843,-0.161,-0.0725,0,0,0.8644,0,1]},{"frame":17,"values":[0.0086,0.454,-0.891,0,0.1763,0.8763,0.4483,0,0.9843,-0.161,-0.0725,0,0,0.8644,0,1]},{"frame":18,"values":[0.0086,0.454,-0.891,0,0.1763,0.8763,0.4483,0,0.9843,-0.161,-0.0725,0,0,0.8644,0,1]},{"frame":19,"values":[0.0086,0.454,-0.891,0,0.1763,0.8763,0.4483,0,0.9843,-0.161,-0.0725,0,0,0.8644,0,1]},{"frame":20,"values":[0.0086,0.454,-0.891,0,0.1763,0.8763,0.4483,0,0.9843,-0.161,-0.0725,0,0,0.8644,0,1]},{"frame":21,"values":[0.0086,0.454,-0.891,0,0.1763,0.8763,0.4483,0,0.9843,-0.161,-0.0725,0,0,0.8644,0,1]},{"frame":22,"values":[0.0086,0.454,-0.891,0,0.1763,0.8763,0.4483,0,0.9843,-0.161,-0.0725,0,0,0.8644,0,1]},{"frame":23,"values":[0.0086,0.454,-0.891,0,0.1763,0.8763,0.4483,0,0.9843,-0.161,-0.0725,0,0,0.8644,0,1]},{"frame":24,"values":[0.0086,0.454,-0.891,0,0.1763,0.8763,0.4483,0,0.9843,-0.161,-0.0725,0,0,0.8644,0,1]},{"frame":25,"values":[0.0086,0.454,-0.891,0,0.1763,0.8763,0.4483,0,0.9843,-0.161,-0.0725,0,0,0.8644,0,1]},{"frame":26,"values":[0.0086,0.454,-0.891,0,0.1763,0.8763,0.4483,0,0.9843,-0.161,-0.0725,0,0,0.8644,0,1]},{"frame":27,"values":[0.0086,0.454,-0.891,0,0.1763,0.8763,0.4483,0,0.9843,-0.161,-0.0725,0,0,0.8644,0,1]},{"frame":28,"values":[0.0086,0.454,-0.891,0,0.1763,0.8763,0.4483,0,0.9843,-0.161,-0.0725,0,0,0.8644,0,1]},{"frame":29,"values":[0.0086,0.454,-0.891,0,0.1763,0.8763,0.4483,0,0.9843,-0.161,-0.0725,0,0,0.8644,0,1]},{"frame":30,"values":[0.0086,0.454,-0.891,0,0.1763,0.8763,0.4483,0,0.9843,-0.161,-0.0725,0,0,0.8644,0,1]},{"frame":31,"values":[0.0086,0.454,-0.891,0,0.1763,0.8763,0.4483,0,0.9843,-0.161,-0.0725,0,0,0.8644,0,1]},{"frame":32,"values":[0.0086,0.454,-0.891,0,0.1763,0.8763,0.4483,0,0.9843,-0.161,-0.0725,0,0,0.8644,0,1]},{"frame":33,"values":[0.0086,0.454,-0.891,0,0.1763,0.8763,0.4483,0,0.9843,-0.161,-0.0725,0,0,0.8644,0,1]},{"frame":34,"values":[0.0086,0.454,-0.891,0,0.1763,0.8763,0.4483,0,0.9843,-0.161,-0.0725,0,0,0.8644,0,1]},{"frame":35,"values":[0.0086,0.454,-0.891,0,0.1763,0.8763,0.4483,0,0.9843,-0.161,-0.0725,0,0,0.8644,0,1]},{"frame":36,"values":[0.0086,0.454,-0.891,0,0.1763,0.8763,0.4483,0,0.9843,-0.161,-0.0725,0,0,0.8644,0,1]},{"frame":37,"values":[0.0086,0.454,-0.891,0,0.1763,0.8763,0.4483,0,0.9843,-0.161,-0.0725,0,0,0.8644,0,1]},{"frame":38,"values":[0.0086,0.454,-0.891,0,0.1763,0.8763,0.4483,0,0.9843,-0.161,-0.0725,0,0,0.8644,0,1]},{"frame":39,"values":[0.0086,0.454,-0.891,0,0.1763,0.8763,0.4483,0,0.9843,-0.161,-0.0725,0,0,0.8644,0,1]}],"loopBehavior":1,"name":"anim","property":"_matrix"}},
{"name":"Bone.017","index":13,"matrix":[0.0169,0,-0.9999,0,-0.9996,0.0243,-0.0169,0,0.0243,0.9997,0.0004,0,-0.0374,-0.0869,0.0049,1],"parentBoneIndex":0,"animation":{"dataType":3,"framePerSecond":24,"keys":[{"frame":0,"values":[0.0169,0,-0.9999,0,-0.9996,0.0243,-0.0169,0,0.0243,0.9997,0.0004,0,-0.0374,-0.0869,0.0049,1]},{"frame":39,"values":[0.0169,0,-0.9999,0,-0.9996,0.0243,-0.0169,0,0.0243,0.9997,0.0004,0,-0.0374,-0.0869,0.0049,1]}],"loopBehavior":1,"name":"anim","property":"_matrix"}},
{"name":"Bone.018","index":14,"matrix":[-0.6144,0.0088,0.7889,0,-0.7463,-0.3309,-0.5776,0,0.2559,-0.9436,0.2099,0,0,0.5103,0,1],"parentBoneIndex":13,"animation":{"dataType":3,"framePerSecond":24,"keys":[{"frame":0,"values":[-0.6144,0.0088,0.7889,0,-0.7463,-0.3309,-0.5776,0,0.2559,-0.9436,0.2099,0,0,0.5103,0,1]},{"frame":1,"values":[-0.6222,0.0085,0.7828,0,-0.7405,-0.331,-0.585,0,0.2541,-0.9436,0.2122,0,0,0.5103,0,1]},{"frame":2,"values":[-0.6457,0.0077,0.7636,0,-0.7221,-0.3312,-0.6073,0,0.2482,-0.9435,0.2194,0,0,0.5103,0,1]},{"frame":3,"values":[-0.6844,0.0062,0.729,0,-0.6892,-0.3315,-0.6443,0,0.2377,-0.9434,0.2312,0,0,0.5103,0,1]},{"frame":4,"values":[-0.7372,0.004,0.6757,0,-0.6384,-0.3319,-0.6945,0,0.2215,-0.9433,0.2472,0,0,0.5103,0,1]},{"frame":5,"values":[-0.8008,0.001,0.599,0,-0.5653,-0.3321,-0.7551,0,0.1982,-0.9432,0.2665,0,0,0.5103,0,1]},{"frame":6,"values":[-0.8694,-0.0027,0.4942,0,-0.4654,-0.332,-0.8205,0,0.1663,-0.9433,0.2874,0,0,0.5103,0,1]},{"frame":7,"values":[-0.9337,-0.0071,0.3579,0,-0.3355,-0.3313,-0.8818,0,0.1249,-0.9435,0.307,0,0,0.5103,0,1]},{"frame":8,"values":[-0.9815,-0.012,0.1909,0,-0.1763,-0.3297,-0.9275,0,0.074,-0.944,0.3215,0,0,0.5103,0,1]},{"frame":9,"values":[-0.9999,-0.0169,0.0001,0,0.0055,-0.3271,-0.945,0,0.016,-0.9448,0.3271,0,0,0.5103,0,1]},{"frame":10,"values":[-0.9795,-0.0215,-0.2005,0,0.1966,-0.3234,-0.9256,0,-0.045,-0.946,0.321,0,0,0.5103,0,1]},{"frame":11,"values":[-0.9192,-0.0251,-0.3929,0,0.3799,-0.3189,-0.8683,0,-0.1035,-0.9475,0.3027,0,0,0.5103,0,1]},{"frame":12,"values":[-0.8272,-0.0277,-0.5612,0,0.5402,-0.314,-0.7808,0,-0.1546,-0.949,0.2747,0,0,0.5103,0,1]},{"frame":13,"values":[-0.7175,-0.0291,-0.696,0,0.6686,-0.3093,-0.6763,0,-0.1956,-0.9505,0.2414,0,0,0.5103,0,1]},{"frame":14,"values":[-0.6046,-0.0296,-0.7959,0,0.7638,-0.3051,-0.5688,0,-0.226,-0.9519,0.2071,0,0,0.5103,0,1]},{"frame":15,"values":[-0.5003,-0.0295,-0.8653,0,0.8298,-0.3016,-0.4695,0,-0.2471,-0.953,0.1754,0,0,0.5103,0,1]},{"frame":16,"values":[-0.4116,-0.0291,-0.9109,0,0.8732,-0.2988,-0.3851,0,-0.2609,-0.9539,0.1484,0,0,0.5103,0,1]},{"frame":17,"values":[-0.3421,-0.0287,-0.9392,0,0.9002,-0.2967,-0.3189,0,-0.2695,-0.9545,0.1273,0,0,0.5103,0,1]},{"frame":18,"values":[-0.2929,-0.0282,-0.9557,0,0.9159,-0.2953,-0.272,0,-0.2745,-0.955,0.1123,0,0,0.5103,0,1]},{"frame":19,"values":[-0.2638,-0.0279,-0.9642,0,0.9239,-0.2945,-0.2442,0,-0.2771,-0.9553,0.1035,0,0,0.5103,0,1]},{"frame":20,"values":[-0.2542,-0.0278,-0.9667,0,0.9264,-0.2942,-0.2351,0,-0.2779,-0.9553,0.1006,0,0,0.5103,0,1]},{"frame":21,"values":[-0.2638,-0.0279,-0.9642,0,0.9239,-0.2945,-0.2442,0,-0.2771,-0.9553,0.1035,0,0,0.5103,0,1]},{"frame":22,"values":[-0.2929,-0.0282,-0.9557,0,0.9159,-0.2953,-0.272,0,-0.2745,-0.955,0.1123,0,0,0.5103,0,1]},{"frame":23,"values":[-0.3421,-0.0287,-0.9392,0,0.9002,-0.2967,-0.3189,0,-0.2695,-0.9545,0.1273,0,0,0.5103,0,1]},{"frame":24,"values":[-0.4116,-0.0291,-0.9109,0,0.8732,-0.2988,-0.3851,0,-0.2609,-0.9539,0.1484,0,0,0.5103,0,1]},{"frame":25,"values":[-0.5003,-0.0295,-0.8653,0,0.8298,-0.3016,-0.4695,0,-0.2471,-0.953,0.1754,0,0,0.5103,0,1]},{"frame":26,"values":[-0.6046,-0.0296,-0.7959,0,0.7638,-0.3051,-0.5688,0,-0.226,-0.9519,0.2071,0,0,0.5103,0,1]},{"frame":27,"values":[-0.7175,-0.0291,-0.696,0,0.6686,-0.3093,-0.6763,0,-0.1956,-0.9505,0.2414,0,0,0.5103,0,1]},{"frame":28,"values":[-0.8272,-0.0277,-0.5612,0,0.5402,-0.314,-0.7808,0,-0.1546,-0.949,0.2747,0,0,0.5103,0,1]},{"frame":29,"values":[-0.9192,-0.0251,-0.3929,0,0.3799,-0.3189,-0.8683,0,-0.1035,-0.9475,0.3027,0,0,0.5103,0,1]},{"frame":30,"values":[-0.9795,-0.0215,-0.2005,0,0.1966,-0.3234,-0.9256,0,-0.045,-0.946,0.321,0,0,0.5103,0,1]},{"frame":31,"values":[-0.9999,-0.0169,0.0001,0,0.0055,-0.3271,-0.945,0,0.016,-0.9448,0.3271,0,0,0.5103,0,1]},{"frame":32,"values":[-0.9815,-0.012,0.1909,0,-0.1763,-0.3297,-0.9275,0,0.074,-0.944,0.3215,0,0,0.5103,0,1]},{"frame":33,"values":[-0.9337,-0.0071,0.3579,0,-0.3355,-0.3313,-0.8818,0,0.1249,-0.9435,0.307,0,0,0.5103,0,1]},{"frame":34,"values":[-0.8694,-0.0027,0.4942,0,-0.4654,-0.332,-0.8205,0,0.1663,-0.9433,0.2874,0,0,0.5103,0,1]},{"frame":35,"values":[-0.8008,0.001,0.599,0,-0.5653,-0.3321,-0.7551,0,0.1982,-0.9432,0.2665,0,0,0.5103,0,1]},{"frame":36,"values":[-0.7372,0.004,0.6757,0,-0.6384,-0.3319,-0.6945,0,0.2215,-0.9433,0.2472,0,0,0.5103,0,1]},{"frame":37,"values":[-0.6844,0.0062,0.729,0,-0.6892,-0.3315,-0.6443,0,0.2377,-0.9434,0.2312,0,0,0.5103,0,1]},{"frame":38,"values":[-0.6457,0.0077,0.7636,0,-0.7221,-0.3312,-0.6073,0,0.2482,-0.9435,0.2194,0,0,0.5103,0,1]},{"frame":39,"values":[-0.6222,0.0085,0.7828,0,-0.7405,-0.331,-0.585,0,0.2541,-0.9436,0.2122,0,0,0.5103,0,1]}],"loopBehavior":1,"name":"anim","property":"_matrix"}},
